0
5
10
17
26
28
35
40
50
56
65
76
87
99
104
127
132
139
147
151
156
165
171
177
190
206
210
219
247
252
261
272
281
283
291
303
306
313
329
331
346
350
357
365
370
372
381
384
401
419
448
464
482
488
498
503
505
507
527
531
537
561
588
614
619
621
624
645
664
672
682
695
704
715
728
735
738
745
750
767
777
790
799
814
817
842
844
849
862
874
880
895
914
923
941
947
965
968
975
990
997
1019
1024
1032
1055
1065
1076
1092
1099
1101
1112
1121
1148
1154
1198
1205
1217
1231
1239
1265
1267
1279
1298
1322
1324
1350
1367
1372
1385
1394
1426
1451
1453
1460
1464
1469
1475
1498
1500
1520
1528
1544
1546
1563
1570
1574
1598
1617
1621
1648
1652
1656
1669
1675
1682
1689
1703
1708
1715
1737
1754
1763
1769
1776
1796
1801
1823
1836
1847
1862
1890
1895
1909
1943
1953
1972
1974
1987
1993
1995
2023
2037
2041
2060
2072
2087
2104
2114
2132
2170
2177
2184
2194
2197
2208
2215
2230
2242
2253
2263
2294
2312
2319
2322
2372
2384
2391
2394
2412
2431
2441
2443
2470
2486
2490
2509
2521
2534
2536
2549
2556
2581
2593
2615
2669
2679
2691
2703
2715
2724
2777
2782
2785
2800
2807
2865
2894
2896
2914
2916
2928
2941
2953
2969
2991
2996
3000
3017
3035
3037
3042
3061
3083
3100
3108
3115
3138
3154
3158
3165
3170
3184
3202
3209
3226
3238
3245
3265
3278
3280
3291
3300
3329
3336
3351
3368
3388
3399
3414
3443
3461
3491
3519
3560
3572
3599
3611
3613
3620
3633
3662
3666
3674
3685
3692
3729
3749
3752
3760
3764
3772
3798
3804
3813
3832
3858
3887
3898
3910
3919
3933
3946
3960
3971
4041
4058
4073
4101
4124
4147
4156
4195
4237
4249
4285
4298
4342
4355
4363
4388
4406
4408
4418
4433
4452
4458
4463
4473
4476
4494
4519
4551
4573
4583
4601
4602
4626
4644
4651
4681
4699
4707
4716
4748
4792
4822
4825
4827
4851
4891
4906
4908
4921
4941
4963
4991
5031
