0
5
10
17
26
28
35
40
50
56
65
76
87
99
104
127
132
139
147
151
156
165
171
177
190
206
210
219
247
252
261
272
281
283
291
303
306
313
329
331
346
350
357
365
370
372
381
384
401
419
448
464
482
488
498
503
505
507
527
531
537
561
588
614
619
621
624
645
664
672
682
695
704
715
728
735
738
745
750
767
777
790
799
814
817
842
844
849
862
874
880
895
914
923
941
947
965
968
975
990
997
1019
1024
1032
1055
1065
1076
1092
1099
1101
1112
1121
1148
1154
1198
1205
1217
1231
1239
1265
1267
1279
1298
1322
1324
1350
1367
1372
1385
1394
1426
1451
1453
1460
1464
1469
1475
1498
1500
1520
1528
1544
1546
1563
1570
1574
1598
1617
1621
1648
1652
1656
1669
1675
1682
1689
1703
1708
1715
1737
1754
1763
1769
1776
1796
1801
1823
1836
1847
1862
1890
1895
1909
1943
1953
1972
1974
1987
1993
1995
2023
2037
2041
2060
2072
2087
2104
2114
2132
2170
2177
2184
2194
2197
2208
2215
2230
2242
2253
2263
2294
2312
2319
2322
2372
2384
2391
2394
2412
2431
2441
2443
2470
2486
2490
2509
2521
2534
2536
2549
2556
2581
2593
2615
2669
2679
2691
2703
2715
2724
2777
2782
2785
2800
2807
2865
2894
2896
2914
2916
2928
2941
2953
2969
2991
2996
3000
3017
3035
3037
3042
3061
3083
3100
3108
3115
3138
3154
3158
3165
3170
3184
3202
3209
3226
3238
3245
3265
3278
3280
3291
3300
3329
3336
3351
3368
3388
3399
3414
3443
3461
3491
3519
3560
3572
3599
3611
3613
3620
3633
3662
3666
3674
3685
3692
3729
3749
3752
3760
3764
3772
3798
3804
3813
3832
3858
3887
3898
3910
3919
3933
3946
3960
3971
4041
4058
4073
4101
4124
4147
4156
4195
4237
4249
4285
4298
4342
4355
4363
4388
4406
4408
4418
4433
4452
4458
4463
4473
4476
4494
4519
4551
4573
4583
4601
4602
4626
4644
4651
4681
4699
4707
4716
4748
4792
4822
4825
4827
4851
4891
4906
4908
4921
4941
4963
4991
5031
5046
5051
5056
5074
5077
5089
5101
5103
5112
5126
5142
5147
5149
5160
5165
5177
5200
5204
5215
5223
5226
5234
5249
5260
5271
5285
5286
5291
5310
5322
5339
5356
5368
5375
5380
5387
5392
5402
5407
5418
5440
5444
5462
5493
5501
5526
5548
5581
5593
5600
5621
5626
5645
5649
5666
5671
5725
5736
5750
5761
5781
5792
5802
5807
5817
5827
5834
5849
5850
5868
5883
5889
5906
5922
5939
5942
5952
5963
5980
5985
5990
6003
6022
6033
6047
6054
6074
6085
6103
6112
6123
6134
6142
6153
6166
6175
6231
6243
6247
6261
6283
6304
6323
6332
6347
6361
6377
6428
6434
6452
6473
6478
6484
6490
6503
6512
6526
6558
6567
6573
6577
6593
6602
6608
6618
6625
6640
6654
6679
6685
6687
6709
6711
6714
6733
6738
6755
6776
6784
6795
6804
6815
6861
6869
6874
6916
6923
6947
6950
6992
7000
7018
7074
7096
7106
7112
7154
7187
7189
7215
7238
7250
7264
7269
7281
7304
7313
7318
7333
7345
7350
7357
7359
7372
7382
7404
7410
7415
7425
7435
7474
7476
7511
7525
7530
7541
7552
7561
7577
7612
7623
7639
7678
7720
7742
7749
7763
7794
7826
7875
7880
7910
7936
7943
7946
7966
7980
7986
7995
8001
8044
8077
8103
8115
8126
8134
8137
8150
8157
8187
8195
8238
8245
8257
8269
8279
8284
8304
8349
8365
8371
8377
8390
8396
8400
8407
8467
8503
8511
8518
8520
8542
8571
8603
8621
8650
8656
8671
8683
8685
8707
8724
8755
8779
8793
8827
8840
8849
8872
8891
8896
8916
8934
8962
8964
9006
9068
9076
9095
9116
9133
9146
9168
9173
9258
9274
9290
9313
9327
9380
9402
9413
9417
9420
9428
9441
9446
9465
9476
9487
9496
9515
9524
9534
9543
9558
9574
9613
9640
9672
9677
9701
9717
9727
9738
9757
9783
9820
9839
9867
9900
9925
9945
9965
9970
9991
10017
10031
10093
10103
10118
10129
10141
10148
10168
10173
10178
10196
10217
10230
10237
10243
10259
10262
10266
10272
10289
10316
10324
10332
10353
10367
10372
10378
10390
10402
10409
10414
10426
10433
10443
10466
10495
10507
10515
10533
10556
10564
10583
10593
10611
10632
10657
10687
10693
10708
10736
10743
10756
10819
10827
10853
10858
10873
10896
10913
10940
10942
10950
10959
10965
10969
10984
10998
11015
11040
11057
11066
11082
11093
11099
11105
11115
11137
11177
11184
11199
11209
11216
11231
11240
11259
11264
11266
11317
11322
11337
11340
11348
11374
11421
11429
11441
11450
11459
11464
11473
11504
11532
11539
11541
11564
11574
11583
11589
11610
11622
11638
11640
11654
11674
11680
11687
11693
11709
11728
11733
11748
11763
11768
11782
11785
11793
11798
11803
11809
11837
11864
11893
11926
11932
11943
11952
11974
11997
12007
12016
12061
12063
12084
12106
12122
12129
12161
12178
12182
12197
12229
12239
12261
12269
12285
12290
12297
12308
12318
12325
12341
12348
12374
12379
12387
12395
12408
12421
12443
12450
12475
12480
12525
12533
12538
12554
12561
12574
12577
12617
12655
12672
12685
12696
12706
12738
12749
12780
12785
12807
12829
12864
12875
12900
12944
12946
12958
12964
13006
13011
13016
13040
13061
13073
13088
13096
13116
13123
13147
13176
13199
13218
13223
13267
13269
13273
13280
13313
13335
13342
13365
13377
13390
13394
13410
13424
13451
13458
13464
13498
13531
13557
13585
13604
13612
13624
13639
13698
13722
13730
13749
13774
13790
13795
13816
13859
13879
13910
13921
13928
13943
13956
13967
13987
14000
14049
14063
14072
14074
14087
14119
14128
14133
14180
14201
14228
14242
14257
14279
14284
14312
14327
14379
14410
14440
14453
14454
14483
14489
14529
14540
14545
14590
14617
14625
14661
14687
14709
14720
14744
14756
14776
14783
14792
14799
14859
14900
14921
14938
14942
14969
15018
15024
15050
15070
15073
15091
15162
15174
15181
15186
15191
15199
15211
15234
15256
15272
15279
15288
15299
15318
15346
15350
15352
15374
15380
15389
15393
15419
15426
15432
15451
15466
15472
15485
15491
15497
15508
15520
15541
15543
15548
15566
15573
15620
15622
15625
15661
15674
15695
15718
15723
15727
15729
15742
15789
15792
15823
15866
15868
15888
15909
15922
15957
15972
15979
15992
16001
16006
16009
16025
16037
16050
16061
16064
16081
16083
16088
16139
16145
16156
16178
16214
16216
16220
16231
16260
16267
16275
16314
16333
16345
16357
16371
16377
16390
16401
16442
16451
16485
16494
16504
16529
16558
16561
16627
16639
16645
16647
16677
16689
16709
16747
16752
16774
16776
16790
16795
16802
16816
16828
16852
16857
16867
16873
16880
16896
16925
16932
16937
16955
16976
17007
17010
17018
17036
17043
17108
17110
17141
17145
17171
17194
17196
17210
17219
17224
17284
17299
17323
17349
17366
17373
17389
17400
17415
17453
17454
17469
17492
17514
17538
17568
17575
17594
17603
17608
17634
17655
17676
17682
17687
17721
17754
17789
17825
17871
17884
17897
17915
17923
17964
17987
17995
18007
18043
18048
18067
18106
18122
18129
18133
18150
18183
18188
18206
18225
18248
18281
18304
18317
18324
18349
18400
18414
18436
18456
18473
18511
18520
18534
18541
18547
18569
18574
18639
18678
18691
18717
18726
18754
18791
18814
18825
18870
18879
18900
18931
18953
18974
18982
19001
19019
19062
19078
19087
19089
19112
19123
19168
19175
19204
19230
19255
19277
19287
19292
19338
19358
19391
19402
19465
19519
19557
19560
19579
19616
19631
19639
19644
19664
19748
19755
19763
19805
19809
19841
19871
19896
19924
19949
19974
19986
19991
20005
20007
20019
20053
20055
20069
20070
20142
20179
20199
20204
20216
20227
20252
20256
20275
20324
20328
20341
20347
20354
20373
20398
20413
20451
20455
20460
20499
20503
20514
20540
20550
20567
20586
20591
20595
20614
20634
20661
20664
20696
20711
20725
20735
20736
20772
20781
20801
20802
20814
20829
20833
20848
20882
20901
20905
20931
20940
20960
20978
20985
21006
21031
21058
21064
21071
21086
21102
21114
21131
21149
21161
21171
21180
21197
21207
21225
21250
21269
21327
21339
21344
21362
21376
21391
21405
21427
21437
21449
21478
21508
21536
21552
21562
21592
21597
21600
21620
21625
21638
21651
21663
21669
21688
21695
21712
21743
21758
21763
21770
21792
21809
21814
21819
21872
21886
21897
21907
21930
21947
21952
21969
22006
22023
22055
22099
22105
22110
22120
22141
22153
22214
22225
22238
22244
22281
22311
22323
22348
22358
22370
22401
22412
22424
22431
22438
22445
22468
22488
22528
22535
22540
22568
22597
22621
22660
22662
22668
22675
22712
22749
22771
22784
22792
22838
22854
22869
22903
22909
22968
22996
23015
23018
23051
23084
23096
23116
23157
23168
23175
23199
23214
23272
23282
23291
23317
23324
23340
23366
23380
23393
23409
23437
23490
23498
23513
23537
23538
23570
23590
23645
23668
23681
23716
23721
23738
23759
23765
23775
23792
23830
23842
23846
23866
23869
23897
23914
23937
23983
24003
24012
24039
24044
24086
24124
24126
24136
24173
24179
24219
24226
24240
24298
24301
24329
24385
24404
24424
24453
24508
24536
24558
24594
24637
24649
24683
24769
24774
24791
24792
24881
24906
24930
24942
24958
24964
24970
24990
24997
25038
25063
25084
25091
25126
25128
25168
25180
25218
25237
25254
25267
25284
25291
25308
25313
25325
25328
25330
25364
25375
25387
25405
25407
25431
25437
25448
25457
25498
25501
25512
25551
25581
25625
25634
25650
25658
25723
25746
25765
25772
25779
25785
25802
25818
25840
25855
25865
25873
25900
25915
25929
25948
25950
25955
25998
26014
26020
26026
26055
26071
26081
26109
26131
26140
26163
26167
26192
26207
26248
26256
26266
26292
26315
26322
26331
26335
26372
26405
26421
26439
26444
26465
26470
26527
26536
26556
26591
26634
26662
26665
26680
26734
26744
26759
26774
26804
26817
26832
26865
26880
26894
26908
26945
26980
26986
26992
27000
27010
27021
27031
27041
27043
27051
27078
27110
27134
27149
27153
27181
27212
27214
27230
27245
27266
27271
27306
27333
27340
27396
27431
27439
27448
27472
27519
27525
27536
27544
27564
27572
27595
27597
27609
27634
27650
27694
27764
27777
27791
27795
27804
27832
27848
27860
27874
27886
27904
27926
27973
27983
28044
28068
28113
28128
28159
28198
28217
28222
28225
28232
28258
28270
28282
28307
28338
28358
28378
28392
28409
28428
28435
28459
28466
28468
28523
28564
28611
28666
28723
28733
28737
28787
28852
28860
28867
28879
28918
28924
28958
28991
29007
29013
29017
29056
29080
29155
29210
29212
29219
29233
29248
29252
29270
29290
29313
29357
29399
29404
29415
29448
29471
29472
29491
29521
29535
29561
29598
29607
29622
29629
29657
29700
29706
29730
29751
29756
29779
29801
29803
29815
29820
29827
29921
29949
29996
30045
30065
30072
30086
30104
30134
30152
30171
30190
30231
30274
30276
30281
30295
30330
30338
30353
30373
30379
30406
30417
30430
30459
30479
30484
30491
30510
30541
30554
30569
30580
30625
30640
30683
30688
30696
30720
30735
30789
30794
30814
30833
30845
30855
30898
30914
30921
30952
30961
30997
31019
31038
31048
31060
31108
31126
31143
31146
31155
31170
31183
31197
31225
31227
31245
31248
31275
31286
31317
31346
31366
31372
31395
31410
31429
31463
31468
31470
31483
31508
31521
31524
31546
31585
31616
31624
31658
31669
31674
31691
31707
31725
31736
31761
31771
31776
31800
31821
31826
31844
31852
31901
31929
31958
31962
32009
32021
32025
32065
32067
32078
32093
32113
32148
32155
32162
32193
32206
32230
32270
32281
32288
32324
32326
32341
32366
32368
32383
32397
32408
32438
32459
32481
32509
32540
32578
32593
32620
32642
32669
32709
32748
32778
32800
32807
32840
32894
32915
32937
32959
32976
32999
33059
33064
33080
33121
33137
33164
33199
33207
33232
33262
33312
33323
33337
33345
33367
33397
33412
33414
33438
33444
33479
33521
33544
33577
33582
33597
33636
33657
33703
33708
33734
33741
33761
33795
33886
33910
33935
33942
33947
33996
34039
34056
34061
34067
34093
34139
34169
34185
34201
34241
34326
34339
34400
34414
34424
34458
34486
34521
34598
34623
34637
34666
34670
34691
34696
34718
34720
34738
34754
34792
34812
34839
34852
34865
34898
34909
34936
34967
34968
35001
35017
35019
35059
35099
35106
35132
35141
35152
35157
35181
35190
35216
35249
35291
35296
35321
35326
35336
35371
35398
35409
35414
35437
35444
35448
35459
35480
35482
35496
35520
35539
35554
35570
35575
35581
35607
35619
35638
35644
35677
35714
35723
35729
35739
35777
35798
35864
35885
35906
35968
35999
36075
36094
36124
36149
36154
36200
36209
36231
36258
36273
36283
36291
36302
36329
36339
36351
36360
36489
36493
36503
36519
36528
36539
36654
36685
36698
36713
36721
36735
36747
36758
36770
36789
36814
36833
36859
36864
36898
36900
36919
36940
36991
37002
37045
37052
37084
37121
37164
37196
37214
37218
37270
37297
37330
37343
37382
37404
37420
37425
37428
37483
37499
37525
37548
37561
37569
37574
37604
37638
37665
37708
37715
37738
37798
37814
37852
37857
37938
37960
37969
37985
38040
38089
38131
38166
38204
38220
38231
38245
38260
38290
38297
38370
38393
38486
38492
38494
38505
38524
38536
38594
38634
38665
38706
38727
38784
38849
38865
38875
38886
38913
38957
38993
39012
39018
39106
39108
39135
39177
39214
39226
39254
39261
39292
39307
39335
39337
39357
39367
39391
39461
39476
39563
39579
39612
39633
39679
39684
39689
39697
39748
39753
39790
39797
39803
39929
39980
40013
40018
40036
40063
40093
40095
40114
40134
40203
40238
40254
40264
40276
