367
5039
5037
4982
4987
4822
4821
4741
4806
4773
4934
4937
4813
4972
4826
5017
4156
4150
4155
3770
3652
3646
3774
3720
4040
4042
4129
3637
3776
3904
3898
3985
4465
4481
4491
4510
4502
3841
4526
4467
3852
3833
3876
3893
3944
4093
4101
3943
4577
4894
4698
4083
3918
3975
4178
3889
3971
4568
4602
4600
3754
4796
4754
4050
4135
3895
4146
4569
4985
3621
4520
3832
4761
3917
3635
2463
2502
2469
2308
2225
2298
2410
2411
2426
2495
2265
832
831
780
781
5
172
670
195
658
199
826
627
524
604
1721
1712
455
1766
1798
1862
623
1768
741
752
583
2316
2331
89
1826
1808
577
527
2342
2436
14
2130
444
144
614
571
2343
2499
102
2198
145
591
1634
1628
1664
1259
1257
1128
1524
1539
1651
1606
1650
1523
3350
3302
3345
2694
3150
3174
3279
3280
2679
2558
2551
2932
2780
2927
1041
875
2730
1021
2758
847
915
886
2896
2878
1497
987
2568
1480
973
1506
2920
1638
2699
1084
1079
906
2654
1081
2793
2895
2867
1643
1659
2521
2658
885
1363
1374
2099
1944
1964
2015
1342
1311
1439
2003
1341
3128
4206
4368
4233
3028
3113
3059
2958
286
3400
3388
3399
211
258
3371
3396
334
307
303
3481
1280
1898
4258
3451
3474
1344
4376
1932
4292
2953
3039
387
3483
3362
1442
2002
1406
1403
2364
2379
1175
2158
1158
2367
1590
1144
3107
3257
4865
4854
4856
4636
4641
2621
4849
4853
698
3995
3492
3521
55
43
339
3997
3573
3487
2851
964
930
926
1730
4423
3787
1741
497
3079
3503
1554
4437
3584
3501
3088
1589
1139
44
1561
1584
1368
1614
2486
2197
1110
1196
1528
2404
3334
4357
5004
4959
4960
2706
2967
3170
4305
5000
277
3549
3742
3739
234
3423
3741
2848
491
4494
1775
595
316
4077
1912
93
1485
4020
1753
4649
1774
1445
2507
1963
1145
2406
1521
2034
2493
3050
3259
3341
5033
4226
4653
2978
4942
290
820
4137
4015
3581
642
652
2853
2802
1045
859
1726
589
2865
3482
1003
1842
2115
2858
1270
325
526
863
4963
3843
5039
